sbj speed density distance duration resp
1.000000 10.000000 1.000000 210.000000 35.000000 1.150882
1.000000 20.000000 1.000000 210.000000 35.000000 0.797931
1.000000 10.000000 1.000000 210.000000 70.000000 0.728786
1.000000 20.000000 1.000000 210.000000 70.000000 0.399811
1.000000 10.000000 1.000000 230.000000 35.000000 1.177990
1.000000 20.000000 1.000000 230.000000 35.000000 0.821334
1.000000 10.000000 1.000000 230.000000 70.000000 0.616496
1.000000 20.000000 1.000000 230.000000 70.000000 0.563131
1.000000 10.000000 1.000000 250.000000 35.000000 1.237744
1.000000 20.000000 1.000000 250.000000 35.000000 0.940199
1.000000 10.000000 1.000000 250.000000 70.000000 0.820063
1.000000 20.000000 1.000000 250.000000 70.000000 0.645164
1.000000 10.000000 10.000000 210.000000 35.000000 1.166739
1.000000 20.000000 10.000000 210.000000 35.000000 0.679809
1.000000 10.000000 10.000000 210.000000 70.000000 0.807733
1.000000 20.000000 10.000000 210.000000 70.000000 0.443170
1.000000 10.000000 10.000000 230.000000 35.000000 1.067862
1.000000 20.000000 10.000000 230.000000 35.000000 0.783962
1.000000 10.000000 10.000000 230.000000 70.000000 0.793824
1.000000 20.000000 10.000000 230.000000 70.000000 0.513868
1.000000 10.000000 10.000000 250.000000 35.000000 1.101977
1.000000 20.000000 10.000000 250.000000 35.000000 0.812735
1.000000 10.000000 10.000000 250.000000 70.000000 0.777882
1.000000 20.000000 10.000000 250.000000 70.000000 0.583599
1.000000 10.000000 20.000000 210.000000 35.000000 1.067495
1.000000 20.000000 20.000000 210.000000 35.000000 0.796434
1.000000 10.000000 20.000000 210.000000 70.000000 0.737494
1.000000 20.000000 20.000000 210.000000 70.000000 0.303167
1.000000 10.000000 20.000000 230.000000 35.000000 1.172396
1.000000 20.000000 20.000000 230.000000 35.000000 0.769725
1.000000 10.000000 20.000000 230.000000 70.000000 0.763732
1.000000 20.000000 20.000000 230.000000 70.000000 0.499678
1.000000 10.000000 20.000000 250.000000 35.000000 1.231372
1.000000 20.000000 20.000000 250.000000 35.000000 0.939410
1.000000 10.000000 20.000000 250.000000 70.000000 0.786132
1.000000 20.000000 20.000000 250.000000 70.000000 0.592932
1.000000 10.000000 99.000000 210.000000 35.000000 1.101433
1.000000 20.000000 99.000000 210.000000 35.000000 0.728862
1.000000 10.000000 99.000000 210.000000 70.000000 0.701977
1.000000 20.000000 99.000000 210.000000 70.000000 0.464730
1.000000 10.000000 99.000000 230.000000 35.000000 1.076699
1.000000 20.000000 99.000000 230.000000 35.000000 0.816005
1.000000 10.000000 99.000000 230.000000 70.000000 0.656579
1.000000 20.000000 99.000000 230.000000 70.000000 0.607985
1.000000 10.000000 99.000000 250.000000 35.000000 1.100164
1.000000 20.000000 99.000000 250.000000 35.000000 0.860379
1.000000 10.000000 99.000000 250.000000 70.000000 0.770937
1.000000 20.000000 99.000000 250.000000 70.000000 0.631907
2.000000 10.000000 1.000000 210.000000 35.000000 0.918655
2.000000 20.000000 1.000000 210.000000 35.000000 0.725674
2.000000 10.000000 1.000000 210.000000 70.000000 0.754906
2.000000 20.000000 1.000000 210.000000 70.000000 0.627207
2.000000 10.000000 1.000000 230.000000 35.000000 1.141898
2.000000 20.000000 1.000000 230.000000 35.000000 1.101731
2.000000 10.000000 1.000000 230.000000 70.000000 0.836687
2.000000 20.000000 1.000000 230.000000 70.000000 0.710168
2.000000 10.000000 1.000000 250.000000 35.000000 0.993907
2.000000 20.000000 1.000000 250.000000 35.000000 0.854083
2.000000 10.000000 1.000000 250.000000 70.000000 0.783928
2.000000 20.000000 1.000000 250.000000 70.000000 0.750908
2.000000 10.000000 10.000000 210.000000 35.000000 0.876501
2.000000 20.000000 10.000000 210.000000 35.000000 0.866468
2.000000 10.000000 10.000000 210.000000 70.000000 0.641693
2.000000 20.000000 10.000000 210.000000 70.000000 0.558630
2.000000 10.000000 10.000000 230.000000 35.000000 1.015030
2.000000 20.000000 10.000000 230.000000 35.000000 0.909268
2.000000 10.000000 10.000000 230.000000 70.000000 0.801026
2.000000 20.000000 10.000000 230.000000 70.000000 0.684681
2.000000 10.000000 10.000000 250.000000 35.000000 1.158941
2.000000 20.000000 10.000000 250.000000 35.000000 1.025328
2.000000 10.000000 10.000000 250.000000 70.000000 0.891096
2.000000 20.000000 10.000000 250.000000 70.000000 0.904334
2.000000 10.000000 20.000000 210.000000 35.000000 1.042787
2.000000 20.000000 20.000000 210.000000 35.000000 0.866269
2.000000 10.000000 20.000000 210.000000 70.000000 0.846406
2.000000 20.000000 20.000000 210.000000 70.000000 0.609881
2.000000 10.000000 20.000000 230.000000 35.000000 0.911658
2.000000 20.000000 20.000000 230.000000 35.000000 0.961060
2.000000 10.000000 20.000000 230.000000 70.000000 0.794430
2.000000 20.000000 20.000000 230.000000 70.000000 0.583796
2.000000 10.000000 20.000000 250.000000 35.000000 1.171913
2.000000 20.000000 20.000000 250.000000 35.000000 1.138689
2.000000 10.000000 20.000000 250.000000 70.000000 0.847846
2.000000 20.000000 20.000000 250.000000 70.000000 0.681094
2.000000 10.000000 99.000000 210.000000 35.000000 0.906674
2.000000 20.000000 99.000000 210.000000 35.000000 0.957073
2.000000 10.000000 99.000000 210.000000 70.000000 0.635778
2.000000 20.000000 99.000000 210.000000 70.000000 0.546201
2.000000 10.000000 99.000000 230.000000 35.000000 1.168194
2.000000 20.000000 99.000000 230.000000 35.000000 0.945528
2.000000 10.000000 99.000000 230.000000 70.000000 0.773745
2.000000 20.000000 99.000000 230.000000 70.000000 0.548085
2.000000 10.000000 99.000000 250.000000 35.000000 1.203867
2.000000 20.000000 99.000000 250.000000 35.000000 0.896987
2.000000 10.000000 99.000000 250.000000 70.000000 0.936232
2.000000 20.000000 99.000000 250.000000 70.000000 0.693657
3.000000 10.000000 1.000000 210.000000 35.000000 3.451371
3.000000 20.000000 1.000000 210.000000 35.000000 2.933220
3.000000 10.000000 1.000000 210.000000 70.000000 1.628243
3.000000 20.000000 1.000000 210.000000 70.000000 0.697900
3.000000 10.000000 1.000000 230.000000 35.000000 3.711108
3.000000 20.000000 1.000000 230.000000 35.000000 1.876163
3.000000 10.000000 1.000000 230.000000 70.000000 1.733704
3.000000 20.000000 1.000000 230.000000 70.000000 0.827479
3.000000 10.000000 1.000000 250.000000 35.000000 5.736149
3.000000 20.000000 1.000000 250.000000 35.000000 2.276682
3.000000 10.000000 1.000000 250.000000 70.000000 1.496434
3.000000 20.000000 1.000000 250.000000 70.000000 0.570048
3.000000 10.000000 10.000000 210.000000 35.000000 2.763641
3.000000 20.000000 10.000000 210.000000 35.000000 1.139914
3.000000 10.000000 10.000000 210.000000 70.000000 1.300879
3.000000 20.000000 10.000000 210.000000 70.000000 0.092742
3.000000 10.000000 10.000000 230.000000 35.000000 3.699914
3.000000 20.000000 10.000000 230.000000 35.000000 1.070917
3.000000 10.000000 10.000000 230.000000 70.000000 0.843183
3.000000 20.000000 10.000000 230.000000 70.000000 0.473160
3.000000 10.000000 10.000000 250.000000 35.000000 2.898572
3.000000 20.000000 10.000000 250.000000 35.000000 2.082520
3.000000 10.000000 10.000000 250.000000 70.000000 1.663484
3.000000 20.000000 10.000000 250.000000 70.000000 0.693216
3.000000 10.000000 20.000000 210.000000 35.000000 3.551579
3.000000 20.000000 20.000000 210.000000 35.000000 1.057776
3.000000 10.000000 20.000000 210.000000 70.000000 1.161722
3.000000 20.000000 20.000000 210.000000 70.000000 0.346934
3.000000 10.000000 20.000000 230.000000 35.000000 3.079742
3.000000 20.000000 20.000000 230.000000 35.000000 1.140156
3.000000 10.000000 20.000000 230.000000 70.000000 0.900966
3.000000 20.000000 20.000000 230.000000 70.000000 0.393321
3.000000 10.000000 20.000000 250.000000 35.000000 3.100752
3.000000 20.000000 20.000000 250.000000 35.000000 1.390105
3.000000 10.000000 20.000000 250.000000 70.000000 1.415142
3.000000 20.000000 20.000000 250.000000 70.000000 0.449527
3.000000 10.000000 99.000000 210.000000 35.000000 2.492466
3.000000 20.000000 99.000000 210.000000 35.000000 1.315238
3.000000 10.000000 99.000000 210.000000 70.000000 0.756066
3.000000 20.000000 99.000000 210.000000 70.000000 0.316555
3.000000 10.000000 99.000000 230.000000 35.000000 3.041547
3.000000 20.000000 99.000000 230.000000 35.000000 2.560167
3.000000 10.000000 99.000000 230.000000 70.000000 1.715691
3.000000 20.000000 99.000000 230.000000 70.000000 0.590795
3.000000 10.000000 99.000000 250.000000 35.000000 3.482704
3.000000 20.000000 99.000000 250.000000 35.000000 2.741339
3.000000 10.000000 99.000000 250.000000 70.000000 2.555683
3.000000 20.000000 99.000000 250.000000 70.000000 0.961901
4.000000 10.000000 1.000000 210.000000 35.000000 1.847811
4.000000 20.000000 1.000000 210.000000 35.000000 1.314834
4.000000 10.000000 1.000000 210.000000 70.000000 0.786021
4.000000 20.000000 1.000000 210.000000 70.000000 0.027863
4.000000 10.000000 1.000000 230.000000 35.000000 2.253685
4.000000 20.000000 1.000000 230.000000 35.000000 1.426382
4.000000 10.000000 1.000000 230.000000 70.000000 1.112609
4.000000 20.000000 1.000000 230.000000 70.000000 0.307544
4.000000 10.000000 1.000000 250.000000 35.000000 1.980951
4.000000 20.000000 1.000000 250.000000 35.000000 1.650888
4.000000 10.000000 1.000000 250.000000 70.000000 1.395614
4.000000 20.000000 1.000000 250.000000 70.000000 0.609108
4.000000 10.000000 10.000000 210.000000 35.000000 1.732506
4.000000 20.000000 10.000000 210.000000 35.000000 1.170760
4.000000 10.000000 10.000000 210.000000 70.000000 1.174659
4.000000 20.000000 10.000000 210.000000 70.000000 0.164237
4.000000 10.000000 10.000000 230.000000 35.000000 1.794926
4.000000 20.000000 10.000000 230.000000 35.000000 1.405172
4.000000 10.000000 10.000000 230.000000 70.000000 1.381804
4.000000 20.000000 10.000000 230.000000 70.000000 0.276945
4.000000 10.000000 10.000000 250.000000 35.000000 2.124506
4.000000 20.000000 10.000000 250.000000 35.000000 1.518881
4.000000 10.000000 10.000000 250.000000 70.000000 1.315030
4.000000 20.000000 10.000000 250.000000 70.000000 0.648730
4.000000 10.000000 20.000000 210.000000 35.000000 1.835789
4.000000 20.000000 20.000000 210.000000 35.000000 1.508230
4.000000 10.000000 20.000000 210.000000 70.000000 0.867962
4.000000 20.000000 20.000000 210.000000 70.000000 0.125287
4.000000 10.000000 20.000000 230.000000 35.000000 1.824509
4.000000 20.000000 20.000000 230.000000 35.000000 1.424035
4.000000 10.000000 20.000000 230.000000 70.000000 1.293719
4.000000 20.000000 20.000000 230.000000 70.000000 0.344092
4.000000 10.000000 20.000000 250.000000 35.000000 2.192245
4.000000 20.000000 20.000000 250.000000 35.000000 1.140193
4.000000 10.000000 20.000000 250.000000 70.000000 1.362275
4.000000 20.000000 20.000000 250.000000 70.000000 0.486582
4.000000 10.000000 99.000000 210.000000 35.000000 1.765396
4.000000 20.000000 99.000000 210.000000 35.000000 1.585693
4.000000 10.000000 99.000000 210.000000 70.000000 1.090803
4.000000 20.000000 99.000000 210.000000 70.000000 0.162001
4.000000 10.000000 99.000000 230.000000 35.000000 1.762356
4.000000 20.000000 99.000000 230.000000 35.000000 1.400136
4.000000 10.000000 99.000000 230.000000 70.000000 1.214781
4.000000 20.000000 99.000000 230.000000 70.000000 0.334749
4.000000 10.000000 99.000000 250.000000 35.000000 1.864142
4.000000 20.000000 99.000000 250.000000 35.000000 1.666720
4.000000 10.000000 99.000000 250.000000 70.000000 1.633085
4.000000 20.000000 99.000000 250.000000 70.000000 0.962350
5.000000 10.000000 1.000000 210.000000 35.000000 3.463976
5.000000 20.000000 1.000000 210.000000 35.000000 1.383843
5.000000 10.000000 1.000000 210.000000 70.000000 0.940182
5.000000 20.000000 1.000000 210.000000 70.000000 0.119587
5.000000 10.000000 1.000000 230.000000 35.000000 3.177411
5.000000 20.000000 1.000000 230.000000 35.000000 1.580601
5.000000 10.000000 1.000000 230.000000 70.000000 1.011346
5.000000 20.000000 1.000000 230.000000 70.000000 0.226274
5.000000 10.000000 1.000000 250.000000 35.000000 3.813451
5.000000 20.000000 1.000000 250.000000 35.000000 2.313477
5.000000 10.000000 1.000000 250.000000 70.000000 1.462187
5.000000 20.000000 1.000000 250.000000 70.000000 0.555606
5.000000 10.000000 10.000000 210.000000 35.000000 2.501528
5.000000 20.000000 10.000000 210.000000 35.000000 1.460166
5.000000 10.000000 10.000000 210.000000 70.000000 0.639834
5.000000 20.000000 10.000000 210.000000 70.000000 0.094105
5.000000 10.000000 10.000000 230.000000 35.000000 2.553192
5.000000 20.000000 10.000000 230.000000 35.000000 1.435214
5.000000 10.000000 10.000000 230.000000 70.000000 0.987039
5.000000 20.000000 10.000000 230.000000 70.000000 0.172827
5.000000 10.000000 10.000000 250.000000 35.000000 3.423695
5.000000 20.000000 10.000000 250.000000 35.000000 1.866178
5.000000 10.000000 10.000000 250.000000 70.000000 1.391270
5.000000 20.000000 10.000000 250.000000 70.000000 0.231782
5.000000 10.000000 20.000000 210.000000 35.000000 2.204189
5.000000 20.000000 20.000000 210.000000 35.000000 1.482465
5.000000 10.000000 20.000000 210.000000 70.000000 0.724050
5.000000 20.000000 20.000000 210.000000 70.000000 0.017727
5.000000 10.000000 20.000000 230.000000 35.000000 2.133958
5.000000 20.000000 20.000000 230.000000 35.000000 1.842429
5.000000 10.000000 20.000000 230.000000 70.000000 0.853331
5.000000 20.000000 20.000000 230.000000 70.000000 0.182913
5.000000 10.000000 20.000000 250.000000 35.000000 3.766986
5.000000 20.000000 20.000000 250.000000 35.000000 1.701147
5.000000 10.000000 20.000000 250.000000 70.000000 1.366033
5.000000 20.000000 20.000000 250.000000 70.000000 0.175526
5.000000 10.000000 99.000000 210.000000 35.000000 2.549219
5.000000 20.000000 99.000000 210.000000 35.000000 1.410236
5.000000 10.000000 99.000000 210.000000 70.000000 0.852547
5.000000 20.000000 99.000000 210.000000 70.000000 0.228935
5.000000 10.000000 99.000000 230.000000 35.000000 3.026563
5.000000 20.000000 99.000000 230.000000 35.000000 2.652845
5.000000 10.000000 99.000000 230.000000 70.000000 1.288046
5.000000 20.000000 99.000000 230.000000 70.000000 0.398095
5.000000 10.000000 99.000000 250.000000 35.000000 2.555952
5.000000 20.000000 99.000000 250.000000 35.000000 2.359844
5.000000 10.000000 99.000000 250.000000 70.000000 1.499128
5.000000 20.000000 99.000000 250.000000 70.000000 0.771267
6.000000 10.000000 1.000000 210.000000 35.000000 3.338833
6.000000 20.000000 1.000000 210.000000 35.000000 1.493937
6.000000 10.000000 1.000000 210.000000 70.000000 2.069327
6.000000 20.000000 1.000000 210.000000 70.000000 0.396733
6.000000 10.000000 1.000000 230.000000 35.000000 2.696967
6.000000 20.000000 1.000000 230.000000 35.000000 1.958879
6.000000 10.000000 1.000000 230.000000 70.000000 2.275393
6.000000 20.000000 1.000000 230.000000 70.000000 1.403023
6.000000 10.000000 1.000000 250.000000 35.000000 3.062414
6.000000 20.000000 1.000000 250.000000 35.000000 1.859544
6.000000 10.000000 1.000000 250.000000 70.000000 2.346941
6.000000 20.000000 1.000000 250.000000 70.000000 1.304866
6.000000 10.000000 10.000000 210.000000 35.000000 2.210817
6.000000 20.000000 10.000000 210.000000 35.000000 1.298480
6.000000 10.000000 10.000000 210.000000 70.000000 2.002677
6.000000 20.000000 10.000000 210.000000 70.000000 0.744057
6.000000 10.000000 10.000000 230.000000 35.000000 2.734695
6.000000 20.000000 10.000000 230.000000 35.000000 2.284104
6.000000 10.000000 10.000000 230.000000 70.000000 2.127016
6.000000 20.000000 10.000000 230.000000 70.000000 1.269216
6.000000 10.000000 10.000000 250.000000 35.000000 2.926154
6.000000 20.000000 10.000000 250.000000 35.000000 1.975889
6.000000 10.000000 10.000000 250.000000 70.000000 2.388060
6.000000 20.000000 10.000000 250.000000 70.000000 1.601886
6.000000 10.000000 20.000000 210.000000 35.000000 2.659616
6.000000 20.000000 20.000000 210.000000 35.000000 1.302652
6.000000 10.000000 20.000000 210.000000 70.000000 1.799835
6.000000 20.000000 20.000000 210.000000 70.000000 0.889607
6.000000 10.000000 20.000000 230.000000 35.000000 2.473593
6.000000 20.000000 20.000000 230.000000 35.000000 1.999400
6.000000 10.000000 20.000000 230.000000 70.000000 1.551277
6.000000 20.000000 20.000000 230.000000 70.000000 0.912412
6.000000 10.000000 20.000000 250.000000 35.000000 2.698123
6.000000 20.000000 20.000000 250.000000 35.000000 2.125458
6.000000 10.000000 20.000000 250.000000 70.000000 1.839078
6.000000 20.000000 20.000000 250.000000 70.000000 0.900256
6.000000 10.000000 99.000000 210.000000 35.000000 1.755485
6.000000 20.000000 99.000000 210.000000 35.000000 1.815277
6.000000 10.000000 99.000000 210.000000 70.000000 1.638847
6.000000 20.000000 99.000000 210.000000 70.000000 0.606419
6.000000 10.000000 99.000000 230.000000 35.000000 1.978118
6.000000 20.000000 99.000000 230.000000 35.000000 1.838401
6.000000 10.000000 99.000000 230.000000 70.000000 1.497285
6.000000 20.000000 99.000000 230.000000 70.000000 0.944724
6.000000 10.000000 99.000000 250.000000 35.000000 2.759811
6.000000 20.000000 99.000000 250.000000 35.000000 2.313683
6.000000 10.000000 99.000000 250.000000 70.000000 2.076878
6.000000 20.000000 99.000000 250.000000 70.000000 1.202489
7.000000 10.000000 1.000000 210.000000 35.000000 1.649452
7.000000 20.000000 1.000000 210.000000 35.000000 1.518557
7.000000 10.000000 1.000000 210.000000 70.000000 0.978275
7.000000 20.000000 1.000000 210.000000 70.000000 0.577762
7.000000 10.000000 1.000000 230.000000 35.000000 1.957483
7.000000 20.000000 1.000000 230.000000 35.000000 1.465537
7.000000 10.000000 1.000000 230.000000 70.000000 0.994969
7.000000 20.000000 1.000000 230.000000 70.000000 0.612793
7.000000 10.000000 1.000000 250.000000 35.000000 1.757503
7.000000 20.000000 1.000000 250.000000 35.000000 1.517848
7.000000 10.000000 1.000000 250.000000 70.000000 1.272669
7.000000 20.000000 1.000000 250.000000 70.000000 0.727929
7.000000 10.000000 10.000000 210.000000 35.000000 1.727422
7.000000 20.000000 10.000000 210.000000 35.000000 1.088394
7.000000 10.000000 10.000000 210.000000 70.000000 1.019768
7.000000 20.000000 10.000000 210.000000 70.000000 0.406762
7.000000 10.000000 10.000000 230.000000 35.000000 1.732434
7.000000 20.000000 10.000000 230.000000 35.000000 1.329333
7.000000 10.000000 10.000000 230.000000 70.000000 1.000530
7.000000 20.000000 10.000000 230.000000 70.000000 0.667286
7.000000 10.000000 10.000000 250.000000 35.000000 1.659926
7.000000 20.000000 10.000000 250.000000 35.000000 1.348680
7.000000 10.000000 10.000000 250.000000 70.000000 1.182509
7.000000 20.000000 10.000000 250.000000 70.000000 0.657396
7.000000 10.000000 20.000000 210.000000 35.000000 1.518541
7.000000 20.000000 20.000000 210.000000 35.000000 1.160346
7.000000 10.000000 20.000000 210.000000 70.000000 1.106312
7.000000 20.000000 20.000000 210.000000 70.000000 0.434004
7.000000 10.000000 20.000000 230.000000 35.000000 1.705559
7.000000 20.000000 20.000000 230.000000 35.000000 1.268821
7.000000 10.000000 20.000000 230.000000 70.000000 1.081394
7.000000 20.000000 20.000000 230.000000 70.000000 0.455191
7.000000 10.000000 20.000000 250.000000 35.000000 1.604297
7.000000 20.000000 20.000000 250.000000 35.000000 1.524579
7.000000 10.000000 20.000000 250.000000 70.000000 1.142251
7.000000 20.000000 20.000000 250.000000 70.000000 0.766428
7.000000 10.000000 99.000000 210.000000 35.000000 0.970482
7.000000 20.000000 99.000000 210.000000 35.000000 0.734005
7.000000 10.000000 99.000000 210.000000 70.000000 0.722697
7.000000 20.000000 99.000000 210.000000 70.000000 0.290987
7.000000 10.000000 99.000000 230.000000 35.000000 0.953226
7.000000 20.000000 99.000000 230.000000 35.000000 0.994436
7.000000 10.000000 99.000000 230.000000 70.000000 0.739059
7.000000 20.000000 99.000000 230.000000 70.000000 0.557257
7.000000 10.000000 99.000000 250.000000 35.000000 1.030050
7.000000 20.000000 99.000000 250.000000 35.000000 0.946276
7.000000 10.000000 99.000000 250.000000 70.000000 0.938753
7.000000 20.000000 99.000000 250.000000 70.000000 0.568334
8.000000 10.000000 1.000000 210.000000 35.000000 1.197342
8.000000 20.000000 1.000000 210.000000 35.000000 1.093145
8.000000 10.000000 1.000000 210.000000 70.000000 0.808333
8.000000 20.000000 1.000000 210.000000 70.000000 0.366376
8.000000 10.000000 1.000000 230.000000 35.000000 1.233157
8.000000 20.000000 1.000000 230.000000 35.000000 1.374612
8.000000 10.000000 1.000000 230.000000 70.000000 0.731684
8.000000 20.000000 1.000000 230.000000 70.000000 0.518284
8.000000 10.000000 1.000000 250.000000 35.000000 1.372431
8.000000 20.000000 1.000000 250.000000 35.000000 1.157776
8.000000 10.000000 1.000000 250.000000 70.000000 1.035236
8.000000 20.000000 1.000000 250.000000 70.000000 0.707606
8.000000 10.000000 10.000000 210.000000 35.000000 1.272589
8.000000 20.000000 10.000000 210.000000 35.000000 0.834913
8.000000 10.000000 10.000000 210.000000 70.000000 0.944135
8.000000 20.000000 10.000000 210.000000 70.000000 0.475921
8.000000 10.000000 10.000000 230.000000 35.000000 1.457315
8.000000 20.000000 10.000000 230.000000 35.000000 0.940829
8.000000 10.000000 10.000000 230.000000 70.000000 0.960446
8.000000 20.000000 10.000000 230.000000 70.000000 0.525066
8.000000 10.000000 10.000000 250.000000 35.000000 1.368169
8.000000 20.000000 10.000000 250.000000 35.000000 1.104499
8.000000 10.000000 10.000000 250.000000 70.000000 1.059992
8.000000 20.000000 10.000000 250.000000 70.000000 0.413533
8.000000 10.000000 20.000000 210.000000 35.000000 1.425804
8.000000 20.000000 20.000000 210.000000 35.000000 1.147184
8.000000 10.000000 20.000000 210.000000 70.000000 0.736872
8.000000 20.000000 20.000000 210.000000 70.000000 0.381542
8.000000 10.000000 20.000000 230.000000 35.000000 1.166740
8.000000 20.000000 20.000000 230.000000 35.000000 1.161660
8.000000 10.000000 20.000000 230.000000 70.000000 1.058029
8.000000 20.000000 20.000000 230.000000 70.000000 0.413359
8.000000 10.000000 20.000000 250.000000 35.000000 1.243350
8.000000 20.000000 20.000000 250.000000 35.000000 0.975917
8.000000 10.000000 20.000000 250.000000 70.000000 0.971652
8.000000 20.000000 20.000000 250.000000 70.000000 0.610967
8.000000 10.000000 99.000000 210.000000 35.000000 1.052948
8.000000 20.000000 99.000000 210.000000 35.000000 0.814260
8.000000 10.000000 99.000000 210.000000 70.000000 0.744349
8.000000 20.000000 99.000000 210.000000 70.000000 0.360401
8.000000 10.000000 99.000000 230.000000 35.000000 0.973954
8.000000 20.000000 99.000000 230.000000 35.000000 0.981052
8.000000 10.000000 99.000000 230.000000 70.000000 0.771755
8.000000 20.000000 99.000000 230.000000 70.000000 0.441256
8.000000 10.000000 99.000000 250.000000 35.000000 1.004280
8.000000 20.000000 99.000000 250.000000 35.000000 0.942025
8.000000 10.000000 99.000000 250.000000 70.000000 0.686614
8.000000 20.000000 99.000000 250.000000 70.000000 0.628180
9.000000 10.000000 1.000000 210.000000 35.000000 3.022528
9.000000 20.000000 1.000000 210.000000 35.000000 1.896651
9.000000 10.000000 1.000000 210.000000 70.000000 1.188136
9.000000 20.000000 1.000000 210.000000 70.000000 0.863392
9.000000 10.000000 1.000000 230.000000 35.000000 3.554352
9.000000 20.000000 1.000000 230.000000 35.000000 2.226989
9.000000 10.000000 1.000000 230.000000 70.000000 1.578527
9.000000 20.000000 1.000000 230.000000 70.000000 0.960580
9.000000 10.000000 1.000000 250.000000 35.000000 4.166521
9.000000 20.000000 1.000000 250.000000 35.000000 2.451930
9.000000 10.000000 1.000000 250.000000 70.000000 1.755293
9.000000 20.000000 1.000000 250.000000 70.000000 1.744987
9.000000 10.000000 10.000000 210.000000 35.000000 2.823304
9.000000 20.000000 10.000000 210.000000 35.000000 1.991002
9.000000 10.000000 10.000000 210.000000 70.000000 2.375763
9.000000 20.000000 10.000000 210.000000 70.000000 1.167966
9.000000 10.000000 10.000000 230.000000 35.000000 3.059869
9.000000 20.000000 10.000000 230.000000 35.000000 1.974095
9.000000 10.000000 10.000000 230.000000 70.000000 1.424003
9.000000 20.000000 10.000000 230.000000 70.000000 1.011631
9.000000 10.000000 10.000000 250.000000 35.000000 3.264552
9.000000 20.000000 10.000000 250.000000 35.000000 2.285263
9.000000 10.000000 10.000000 250.000000 70.000000 1.953825
9.000000 20.000000 10.000000 250.000000 70.000000 1.157622
9.000000 10.000000 20.000000 210.000000 35.000000 2.971062
9.000000 20.000000 20.000000 210.000000 35.000000 1.773643
9.000000 10.000000 20.000000 210.000000 70.000000 1.170811
9.000000 20.000000 20.000000 210.000000 70.000000 0.399949
9.000000 10.000000 20.000000 230.000000 35.000000 2.908205
9.000000 20.000000 20.000000 230.000000 35.000000 1.988662
9.000000 10.000000 20.000000 230.000000 70.000000 1.392857
9.000000 20.000000 20.000000 230.000000 70.000000 1.207721
9.000000 10.000000 20.000000 250.000000 35.000000 2.673032
9.000000 20.000000 20.000000 250.000000 35.000000 2.605589
9.000000 10.000000 20.000000 250.000000 70.000000 1.813525
9.000000 20.000000 20.000000 250.000000 70.000000 1.151627
9.000000 10.000000 99.000000 210.000000 35.000000 3.361318
9.000000 20.000000 99.000000 210.000000 35.000000 1.484300
9.000000 10.000000 99.000000 210.000000 70.000000 1.920587
9.000000 20.000000 99.000000 210.000000 70.000000 0.540793
9.000000 10.000000 99.000000 230.000000 35.000000 2.972367
9.000000 20.000000 99.000000 230.000000 35.000000 2.651848
9.000000 10.000000 99.000000 230.000000 70.000000 1.497742
9.000000 20.000000 99.000000 230.000000 70.000000 0.405186
9.000000 10.000000 99.000000 250.000000 35.000000 2.778721
9.000000 20.000000 99.000000 250.000000 35.000000 2.234449
9.000000 10.000000 99.000000 250.000000 70.000000 2.366525
9.000000 20.000000 99.000000 250.000000 70.000000 1.180680
10.000000 10.000000 1.000000 210.000000 35.000000 2.409671
10.000000 20.000000 1.000000 210.000000 35.000000 1.717246
10.000000 10.000000 1.000000 210.000000 70.000000 1.437345
10.000000 20.000000 1.000000 210.000000 70.000000 0.165234
10.000000 10.000000 1.000000 230.000000 35.000000 3.021279
10.000000 20.000000 1.000000 230.000000 35.000000 2.030783
10.000000 10.000000 1.000000 230.000000 70.000000 1.657879
10.000000 20.000000 1.000000 230.000000 70.000000 0.151429
10.000000 10.000000 1.000000 250.000000 35.000000 4.157197
10.000000 20.000000 1.000000 250.000000 35.000000 2.623036
10.000000 10.000000 1.000000 250.000000 70.000000 1.935691
10.000000 20.000000 1.000000 250.000000 70.000000 0.992390
10.000000 10.000000 10.000000 210.000000 35.000000 2.030212
10.000000 20.000000 10.000000 210.000000 35.000000 1.578302
10.000000 10.000000 10.000000 210.000000 70.000000 1.433992
10.000000 20.000000 10.000000 210.000000 70.000000 0.155268
10.000000 10.000000 10.000000 230.000000 35.000000 2.486980
10.000000 20.000000 10.000000 230.000000 35.000000 1.513813
10.000000 10.000000 10.000000 230.000000 70.000000 1.623389
10.000000 20.000000 10.000000 230.000000 70.000000 0.100004
10.000000 10.000000 10.000000 250.000000 35.000000 3.432638
10.000000 20.000000 10.000000 250.000000 35.000000 1.664289
10.000000 10.000000 10.000000 250.000000 70.000000 2.104690
10.000000 20.000000 10.000000 250.000000 70.000000 0.248225
10.000000 10.000000 20.000000 210.000000 35.000000 2.973377
10.000000 20.000000 20.000000 210.000000 35.000000 1.208065
10.000000 10.000000 20.000000 210.000000 70.000000 1.396315
10.000000 20.000000 20.000000 210.000000 70.000000 2.519510
10.000000 10.000000 20.000000 230.000000 35.000000 2.620534
10.000000 20.000000 20.000000 230.000000 35.000000 1.776180
10.000000 10.000000 20.000000 230.000000 70.000000 1.168292
10.000000 20.000000 20.000000 230.000000 70.000000 0.126983
10.000000 10.000000 20.000000 250.000000 35.000000 3.228707
10.000000 20.000000 20.000000 250.000000 35.000000 1.701242
10.000000 10.000000 20.000000 250.000000 70.000000 1.427282
10.000000 20.000000 20.000000 250.000000 70.000000 0.146648
10.000000 10.000000 99.000000 210.000000 35.000000 2.309461
10.000000 20.000000 99.000000 210.000000 35.000000 1.991162
10.000000 10.000000 99.000000 210.000000 70.000000 1.010663
10.000000 20.000000 99.000000 210.000000 70.000000 0.183476
10.000000 10.000000 99.000000 230.000000 35.000000 2.614592
10.000000 20.000000 99.000000 230.000000 35.000000 2.102289
10.000000 10.000000 99.000000 230.000000 70.000000 1.360689
10.000000 20.000000 99.000000 230.000000 70.000000 0.202472
10.000000 10.000000 99.000000 250.000000 35.000000 2.878570
10.000000 20.000000 99.000000 250.000000 35.000000 1.828760
10.000000 10.000000 99.000000 250.000000 70.000000 1.814389
10.000000 20.000000 99.000000 250.000000 70.000000 0.717366
11.000000 10.000000 1.000000 210.000000 35.000000 2.425982
11.000000 20.000000 1.000000 210.000000 35.000000 1.440940
11.000000 10.000000 1.000000 210.000000 70.000000 0.980721
11.000000 20.000000 1.000000 210.000000 70.000000 0.726967
11.000000 10.000000 1.000000 230.000000 35.000000 2.575434
11.000000 20.000000 1.000000 230.000000 35.000000 1.692863
11.000000 10.000000 1.000000 230.000000 70.000000 1.216697
11.000000 20.000000 1.000000 230.000000 70.000000 0.531156
11.000000 10.000000 1.000000 250.000000 35.000000 2.252309
11.000000 20.000000 1.000000 250.000000 35.000000 1.958811
11.000000 10.000000 1.000000 250.000000 70.000000 1.348437
11.000000 20.000000 1.000000 250.000000 70.000000 0.842900
11.000000 10.000000 10.000000 210.000000 35.000000 1.776797
11.000000 20.000000 10.000000 210.000000 35.000000 1.539087
11.000000 10.000000 10.000000 210.000000 70.000000 1.325228
11.000000 20.000000 10.000000 210.000000 70.000000 0.703274
11.000000 10.000000 10.000000 230.000000 35.000000 2.491294
11.000000 20.000000 10.000000 230.000000 35.000000 1.658720
11.000000 10.000000 10.000000 230.000000 70.000000 1.211366
11.000000 20.000000 10.000000 230.000000 70.000000 0.594174
11.000000 10.000000 10.000000 250.000000 35.000000 2.111834
11.000000 20.000000 10.000000 250.000000 35.000000 1.673597
11.000000 10.000000 10.000000 250.000000 70.000000 1.271980
11.000000 20.000000 10.000000 250.000000 70.000000 0.747461
11.000000 10.000000 20.000000 210.000000 35.000000 1.471038
11.000000 20.000000 20.000000 210.000000 35.000000 1.412097
11.000000 10.000000 20.000000 210.000000 70.000000 1.029714
11.000000 20.000000 20.000000 210.000000 70.000000 0.273423
11.000000 10.000000 20.000000 230.000000 35.000000 2.304262
11.000000 20.000000 20.000000 230.000000 35.000000 1.503092
11.000000 10.000000 20.000000 230.000000 70.000000 0.990057
11.000000 20.000000 20.000000 230.000000 70.000000 0.532634
11.000000 10.000000 20.000000 250.000000 35.000000 1.738850
11.000000 20.000000 20.000000 250.000000 35.000000 1.464112
11.000000 10.000000 20.000000 250.000000 70.000000 1.313655
11.000000 20.000000 20.000000 250.000000 70.000000 0.689099
11.000000 10.000000 99.000000 210.000000 35.000000 1.829644
11.000000 20.000000 99.000000 210.000000 35.000000 1.463792
11.000000 10.000000 99.000000 210.000000 70.000000 1.461174
11.000000 20.000000 99.000000 210.000000 70.000000 0.906714
11.000000 10.000000 99.000000 230.000000 35.000000 2.146318
11.000000 20.000000 99.000000 230.000000 35.000000 1.681666
11.000000 10.000000 99.000000 230.000000 70.000000 1.603613
11.000000 20.000000 99.000000 230.000000 70.000000 0.809061
11.000000 10.000000 99.000000 250.000000 35.000000 2.171130
11.000000 20.000000 99.000000 250.000000 35.000000 1.906345
11.000000 10.000000 99.000000 250.000000 70.000000 1.374456
11.000000 20.000000 99.000000 250.000000 70.000000 1.032043
12.000000 10.000000 1.000000 210.000000 35.000000 1.596996
12.000000 20.000000 1.000000 210.000000 35.000000 1.704469
12.000000 10.000000 1.000000 210.000000 70.000000 1.362435
12.000000 20.000000 1.000000 210.000000 70.000000 0.350199
12.000000 10.000000 1.000000 230.000000 35.000000 1.818323
12.000000 20.000000 1.000000 230.000000 35.000000 1.704896
12.000000 10.000000 1.000000 230.000000 70.000000 1.732228
12.000000 20.000000 1.000000 230.000000 70.000000 0.565000
12.000000 10.000000 1.000000 250.000000 35.000000 2.075541
12.000000 20.000000 1.000000 250.000000 35.000000 1.706867
12.000000 10.000000 1.000000 250.000000 70.000000 0.820963
12.000000 20.000000 1.000000 250.000000 70.000000 0.964446
12.000000 10.000000 10.000000 210.000000 35.000000 2.031018
12.000000 20.000000 10.000000 210.000000 35.000000 1.430393
12.000000 10.000000 10.000000 210.000000 70.000000 0.777948
12.000000 20.000000 10.000000 210.000000 70.000000 0.294894
12.000000 10.000000 10.000000 230.000000 35.000000 2.234922
12.000000 20.000000 10.000000 230.000000 35.000000 1.604924
12.000000 10.000000 10.000000 230.000000 70.000000 1.598221
12.000000 20.000000 10.000000 230.000000 70.000000 0.278714
12.000000 10.000000 10.000000 250.000000 35.000000 2.285212
12.000000 20.000000 10.000000 250.000000 35.000000 1.449303
12.000000 10.000000 10.000000 250.000000 70.000000 1.402919
12.000000 20.000000 10.000000 250.000000 70.000000 0.556838
12.000000 10.000000 20.000000 210.000000 35.000000 1.801546
12.000000 20.000000 20.000000 210.000000 35.000000 1.295365
12.000000 10.000000 20.000000 210.000000 70.000000 0.741023
12.000000 20.000000 20.000000 210.000000 70.000000 0.190576
12.000000 10.000000 20.000000 230.000000 35.000000 1.547771
12.000000 20.000000 20.000000 230.000000 35.000000 1.138718
12.000000 10.000000 20.000000 230.000000 70.000000 1.483388
12.000000 20.000000 20.000000 230.000000 70.000000 0.263693
12.000000 10.000000 20.000000 250.000000 35.000000 1.730387
12.000000 20.000000 20.000000 250.000000 35.000000 1.049051
12.000000 10.000000 20.000000 250.000000 70.000000 1.631208
12.000000 20.000000 20.000000 250.000000 70.000000 0.467729
12.000000 10.000000 99.000000 210.000000 35.000000 1.523848
12.000000 20.000000 99.000000 210.000000 35.000000 1.270094
12.000000 10.000000 99.000000 210.000000 70.000000 1.032107
12.000000 20.000000 99.000000 210.000000 70.000000 0.131318
12.000000 10.000000 99.000000 230.000000 35.000000 1.992221
12.000000 20.000000 99.000000 230.000000 35.000000 1.447085
12.000000 10.000000 99.000000 230.000000 70.000000 1.112550
12.000000 20.000000 99.000000 230.000000 70.000000 0.336321
12.000000 10.000000 99.000000 250.000000 35.000000 1.945127
12.000000 20.000000 99.000000 250.000000 35.000000 1.414656
12.000000 10.000000 99.000000 250.000000 70.000000 1.170646
12.000000 20.000000 99.000000 250.000000 70.000000 0.582406
13.000000 10.000000 1.000000 210.000000 35.000000 1.938031
13.000000 20.000000 1.000000 210.000000 35.000000 0.791363
13.000000 10.000000 1.000000 210.000000 70.000000 0.298331
13.000000 20.000000 1.000000 210.000000 70.000000 0.017613
13.000000 10.000000 1.000000 230.000000 35.000000 1.796730
13.000000 20.000000 1.000000 230.000000 35.000000 1.105013
13.000000 10.000000 1.000000 230.000000 70.000000 0.831974
13.000000 20.000000 1.000000 230.000000 70.000000 0.017661
13.000000 10.000000 1.000000 250.000000 35.000000 2.500820
13.000000 20.000000 1.000000 250.000000 35.000000 1.324211
13.000000 10.000000 1.000000 250.000000 70.000000 1.022786
13.000000 20.000000 1.000000 250.000000 70.000000 0.111945
13.000000 10.000000 10.000000 210.000000 35.000000 1.695194
13.000000 20.000000 10.000000 210.000000 35.000000 0.869793
13.000000 10.000000 10.000000 210.000000 70.000000 0.214723
13.000000 20.000000 10.000000 210.000000 70.000000 0.758709
13.000000 10.000000 10.000000 230.000000 35.000000 1.616378
13.000000 20.000000 10.000000 230.000000 35.000000 0.758330
13.000000 10.000000 10.000000 230.000000 70.000000 0.340596
13.000000 20.000000 10.000000 230.000000 70.000000 0.017797
13.000000 10.000000 10.000000 250.000000 35.000000 2.196895
13.000000 20.000000 10.000000 250.000000 35.000000 0.865018
13.000000 10.000000 10.000000 250.000000 70.000000 0.363899
13.000000 20.000000 10.000000 250.000000 70.000000 0.017799
13.000000 10.000000 20.000000 210.000000 35.000000 1.389435
13.000000 20.000000 20.000000 210.000000 35.000000 0.617098
13.000000 10.000000 20.000000 210.000000 70.000000 0.236766
13.000000 20.000000 20.000000 210.000000 70.000000 0.017756
13.000000 10.000000 20.000000 230.000000 35.000000 1.998038
13.000000 20.000000 20.000000 230.000000 35.000000 0.559889
13.000000 10.000000 20.000000 230.000000 70.000000 0.312847
13.000000 20.000000 20.000000 230.000000 70.000000 0.017676
13.000000 10.000000 20.000000 250.000000 35.000000 1.721842
13.000000 20.000000 20.000000 250.000000 35.000000 0.906508
13.000000 10.000000 20.000000 250.000000 70.000000 0.764971
13.000000 20.000000 20.000000 250.000000 70.000000 0.664099
13.000000 10.000000 99.000000 210.000000 35.000000 1.789308
13.000000 20.000000 99.000000 210.000000 35.000000 0.874528
13.000000 10.000000 99.000000 210.000000 70.000000 0.322571
13.000000 20.000000 99.000000 210.000000 70.000000 0.017741
13.000000 10.000000 99.000000 230.000000 35.000000 2.374664
13.000000 20.000000 99.000000 230.000000 35.000000 1.179590
13.000000 10.000000 99.000000 230.000000 70.000000 0.705682
13.000000 20.000000 99.000000 230.000000 70.000000 0.211500
13.000000 10.000000 99.000000 250.000000 35.000000 2.300491
13.000000 20.000000 99.000000 250.000000 35.000000 1.565851
13.000000 10.000000 99.000000 250.000000 70.000000 1.346065
13.000000 20.000000 99.000000 250.000000 70.000000 0.179830
14.000000 10.000000 1.000000 210.000000 35.000000 3.584739
14.000000 20.000000 1.000000 210.000000 35.000000 1.888401
14.000000 10.000000 1.000000 210.000000 70.000000 1.163886
14.000000 20.000000 1.000000 210.000000 70.000000 0.315182
14.000000 10.000000 1.000000 230.000000 35.000000 4.168902
14.000000 20.000000 1.000000 230.000000 35.000000 2.806137
14.000000 10.000000 1.000000 230.000000 70.000000 1.408425
14.000000 20.000000 1.000000 230.000000 70.000000 0.729770
14.000000 10.000000 1.000000 250.000000 35.000000 3.966582
14.000000 20.000000 1.000000 250.000000 35.000000 2.554692
14.000000 10.000000 1.000000 250.000000 70.000000 2.632901
14.000000 20.000000 1.000000 250.000000 70.000000 1.111674
14.000000 10.000000 10.000000 210.000000 35.000000 3.366609
14.000000 20.000000 10.000000 210.000000 35.000000 1.254142
14.000000 10.000000 10.000000 210.000000 70.000000 1.172960
14.000000 20.000000 10.000000 210.000000 70.000000 0.435357
14.000000 10.000000 10.000000 230.000000 35.000000 2.196656
14.000000 20.000000 10.000000 230.000000 35.000000 1.480822
14.000000 10.000000 10.000000 230.000000 70.000000 1.697131
14.000000 20.000000 10.000000 230.000000 70.000000 0.723396
14.000000 10.000000 10.000000 250.000000 35.000000 3.150141
14.000000 20.000000 10.000000 250.000000 35.000000 1.877045
14.000000 10.000000 10.000000 250.000000 70.000000 1.633595
14.000000 20.000000 10.000000 250.000000 70.000000 0.606951
14.000000 10.000000 20.000000 210.000000 35.000000 3.187299
14.000000 20.000000 20.000000 210.000000 35.000000 1.148505
14.000000 10.000000 20.000000 210.000000 70.000000 1.204978
14.000000 20.000000 20.000000 210.000000 70.000000 0.350268
14.000000 10.000000 20.000000 230.000000 35.000000 3.165676
14.000000 20.000000 20.000000 230.000000 35.000000 1.128714
14.000000 10.000000 20.000000 230.000000 70.000000 1.481057
14.000000 20.000000 20.000000 230.000000 70.000000 0.291919
14.000000 10.000000 20.000000 250.000000 35.000000 2.902466
14.000000 20.000000 20.000000 250.000000 35.000000 2.076595
14.000000 10.000000 20.000000 250.000000 70.000000 1.655554
14.000000 20.000000 20.000000 250.000000 70.000000 0.505354
14.000000 10.000000 99.000000 210.000000 35.000000 2.477580
14.000000 20.000000 99.000000 210.000000 35.000000 1.618109
14.000000 10.000000 99.000000 210.000000 70.000000 1.177687
14.000000 20.000000 99.000000 210.000000 70.000000 0.294120
14.000000 10.000000 99.000000 230.000000 35.000000 2.318626
14.000000 20.000000 99.000000 230.000000 35.000000 1.516228
14.000000 10.000000 99.000000 230.000000 70.000000 1.227486
14.000000 20.000000 99.000000 230.000000 70.000000 0.472680
14.000000 10.000000 99.000000 250.000000 35.000000 2.583284
14.000000 20.000000 99.000000 250.000000 35.000000 2.048370
14.000000 10.000000 99.000000 250.000000 70.000000 1.574077
14.000000 20.000000 99.000000 250.000000 70.000000 0.877293
